5.458262510669999756e+04
5.458262636329999805e+04
5.458262718000000314e+04
5.458262799329999689e+04
5.458363220670000010e+04
5.458363312330000190e+04
5.458363395999999921e+04
5.458363478000000032e+04
5.458960472000000300e+04
5.458960562670000218e+04
5.458960644000000320e+04
5.458960725999999704e+04
5.459061515330000111e+04
5.459061613000000216e+04
5.459061695329999930e+04
5.459061776000000100e+04
5.459162959330000012e+04
5.459163051329999871e+04
5.459163132000000041e+04
5.459163215330000094e+04
5.459362045000000217e+04
5.459362136330000067e+04
5.459362221000000136e+04
5.459362302330000239e+04
5.459461959999999817e+04
5.459462052669999684e+04
5.459462134669999796e+04
5.459462216669999907e+04
5.459560785670000041e+04
5.459560870330000034e+04
5.459560957329999655e+04
5.459561044330000004e+04
5.459659991330000048e+04
5.459660087329999806e+04
5.459660171329999866e+04
5.459660253999999986e+04
5.459758496000000014e+04
5.459758615000000282e+04
5.459758697329999995e+04
5.459758778999999777e+04
5.459859472000000096e+04
5.459859567329999845e+04
5.459859649329999957e+04
5.459859730329999729e+04
5.459956089670000074e+04
5.459956175329999678e+04
5.459956259670000145e+04
5.459956343329999800e+04
5.460060070000000269e+04
5.460060161330000119e+04
5.460060242670000298e+04
5.460060326000000350e+04
5.460161514999999781e+04
5.460161601330000121e+04
5.460161682670000300e+04
5.460161763999999675e+04
5.460162716329999967e+04
5.460162797000000137e+04
5.460162882330000139e+04
5.460162963999999920e+04
5.460261612330000207e+04
5.460261705329999677e+04
5.460261789999999746e+04
5.460261871670000255e+04
5.460361334999999963e+04
5.460361417000000074e+04
5.460361498669999855e+04
5.460361579999999958e+04
5.460460304670000187e+04
5.460460396329999639e+04
5.460460480000000098e+04
5.460460564329999761e+04
5.460561162329999934e+04
5.460561254329999792e+04
5.460561336000000301e+04
5.460561417999999685e+04
5.460661646330000076e+04
5.460661735329999647e+04
5.460661816330000147e+04
5.460661897999999928e+04
5.460759739329999866e+04
5.460759831000000122e+04
5.460759913000000233e+04
5.460759995329999947e+04
5.460860432330000185e+04
5.460860536670000147e+04
5.460860618000000250e+04
5.460860706329999812e+04
5.472825780669999949e+04
5.472825875000000087e+04
5.472825959670000157e+04
5.472826040330000251e+04
5.472922174999999697e+04
5.472922277330000361e+04
5.472922363329999644e+04
5.472922447000000102e+04
5.473021341669999674e+04
5.473021431329999905e+04
5.473021517999999924e+04
5.473021599330000026e+04
5.473121233999999822e+04
5.473121320330000162e+04
5.473121397669999715e+04
5.473121475330000249e+04
5.473220264999999927e+04
5.473220345670000097e+04
5.473220423000000301e+04
5.473220500999999786e+04
5.473320939000000362e+04
5.473321027670000331e+04
5.473321113000000332e+04
5.473321194999999716e+04
5.473421156999999948e+04
5.473421238669999730e+04
5.473421322669999790e+04
5.473421403670000291e+04
5.473822205669999676e+04
5.473822319330000028e+04
5.473822408670000004e+04
5.473822490329999710e+04
5.473920642999999836e+04
5.473920763330000045e+04
5.473920855329999904e+04
5.473920954999999958e+04
5.474021622329999809e+04
5.474021723999999813e+04
5.474021805670000322e+04
5.474021886670000094e+04
5.474120433329999651e+04
5.474120512669999880e+04
5.474120596330000262e+04
5.474120676670000103e+04
5.474220221999999922e+04
5.474220311000000220e+04
5.474220393999999942e+04
5.474220474000000104e+04
5.474319677329999831e+04
5.474319755330000044e+04
5.474319835669999884e+04
5.474319917330000317e+04
5.474419974999999977e+04
5.474420066670000233e+04
5.474420150329999888e+04
5.474420229999999719e+04
5.474521834330000274e+04
5.474521922669999913e+04
5.474522006330000295e+04
5.474522086670000135e+04
5.474619923669999844e+04
5.474620010670000192e+04
5.474620094000000245e+04
5.474620174669999687e+04
5.474725091329999850e+04
5.474725170670000080e+04
5.474725254000000132e+04
5.474725333669999964e+04
5.474920992670000123e+04
5.474921072329999879e+04
5.474921154669999669e+04
5.474921235329999763e+04
5.475121301669999957e+04
5.475121394000000146e+04
5.475121478329999809e+04
5.475121558999999979e+04
5.475221239670000068e+04
5.475221357330000319e+04
5.475221441000000050e+04
5.475221520669999882e+04
5.475520552000000316e+04
5.475520631000000139e+04
5.475520713670000259e+04
5.475520793669999694e+04
5.475729616330000135e+04
5.475729691669999738e+04
5.475729770000000281e+04
5.475729847670000163e+04
5.475831228669999837e+04
5.475831307669999660e+04
5.475831389669999771e+04
5.475831469330000255e+04
5.475929251669999940e+04
5.475929329000000143e+04
5.475929408330000297e+04
5.475929486670000188e+04
5.476025531329999649e+04
5.476025609000000259e+04
5.476025692330000311e+04
5.476025772000000143e+04
5.476126159999999800e+04
5.476126237330000004e+04
5.476126315330000216e+04
5.476126397330000327e+04
5.476520248670000001e+04
5.476520326999999816e+04
5.476520408329999918e+04
5.476520489999999700e+04
5.476620680330000323e+04
5.476620771329999843e+04
5.476620866329999990e+04
5.476620948669999780e+04
5.477019793329999811e+04
5.477019894329999806e+04
5.477019973000000027e+04
5.477020051670000248e+04
5.477124278999999660e+04
5.477124354329999915e+04
5.477124431670000195e+04
5.477124508999999671e+04
5.477223876330000348e+04
5.477223965670000325e+04
5.477224043330000131e+04
5.477224121000000014e+04
5.477324584000000323e+04
5.477324659670000256e+04
5.477324738000000070e+04
5.477324816329999885e+04
5.477423617329999979e+04
5.477423692999999912e+04
5.477423770330000116e+04
5.477423849329999939e+04
5.477524996670000110e+04
5.477525074670000322e+04
5.477525153670000145e+04
5.477525230000000010e+04
5.477526324000000022e+04
5.477526399669999955e+04
5.477526697669999703e+04
5.477526775330000237e+04
5.477618797669999913e+04
5.477618876669999736e+04
5.477618954669999948e+04
5.477619034999999712e+04
5.477718288000000030e+04
5.477718364329999895e+04
5.477718444669999735e+04
5.477718522669999948e+04
5.477818136999999842e+04
5.477818223669999861e+04
5.477818301999999676e+04
5.477818379000000277e+04
5.477918528669999796e+04
5.477918613329999789e+04
5.477918690999999671e+04
5.477918768670000281e+04
5.478018714329999784e+04
5.478018791999999667e+04
5.478018872669999837e+04
5.478018950329999643e+04
5.478118484329999774e+04
5.478118562329999986e+04
5.478118640330000198e+04
5.478118717669999751e+04
5.478218938000000344e+04
5.478219021999999677e+04
5.478219105000000127e+04
5.478219180670000060e+04
5.478326797999999690e+04
5.478326873670000350e+04
5.478326950999999826e+04
5.478327031330000318e+04
5.478426165329999640e+04
5.478426241000000300e+04
5.478426318670000182e+04
5.478426395670000056e+04
5.478525428999999713e+04
5.478525504329999967e+04
5.478525582330000179e+04
5.478525659669999732e+04
5.478625883669999894e+04
5.478625959670000157e+04
5.478626037329999963e+04
5.478626116329999786e+04
5.479018246669999644e+04
5.479018322669999907e+04
5.479018403330000001e+04
5.479018480329999875e+04
5.479419567329999700e+04
5.479419643329999963e+04
5.479419722329999786e+04
5.479419799999999668e+04
5.479518553670000256e+04
5.479518632999999681e+04
5.479518710999999894e+04
5.479518791670000064e+04
5.479618277330000274e+04
5.479618363330000284e+04
5.479618441670000175e+04
5.479618520669999998e+04
5.479719756329999655e+04
5.479719832000000315e+04
5.479719909999999800e+04
5.479719987669999682e+04
5.479918682670000271e+04
5.479918757999999798e+04
5.479918840330000239e+04
5.479918918329999724e+04
5.480119569670000055e+04
5.480119649999999820e+04
5.480119739670000126e+04
5.480119819670000288e+04
5.504037357329999941e+04
5.504037442670000019e+04
5.504037520670000231e+04
5.504037597670000105e+04
5.504138236670000333e+04
5.504138329669999803e+04
5.504138407330000337e+04
5.504138485000000219e+04
5.504242783999999665e+04
5.504242900669999653e+04
5.504242993669999851e+04
5.504243072669999674e+04
5.504354177670000354e+04
5.504354269000000204e+04
5.504354348000000027e+04
5.504354424329999893e+04
5.504756289000000106e+04
5.504756364670000039e+04
5.504756442670000251e+04
5.504756519000000117e+04
5.504846543669999664e+04
5.504846621669999877e+04
5.504846795669999847e+04
5.504846875000000000e+04
5.504940148329999647e+04
5.504940227669999877e+04
5.504940305999999691e+04
5.504940383329999895e+04
5.505039645330000349e+04
5.505039723329999833e+04
5.505039802999999665e+04
5.505039882329999818e+04
5.505139950669999962e+04
5.505140043329999753e+04
5.505140121669999644e+04
5.505140198670000245e+04
5.505233299000000261e+04
5.505233388330000162e+04
5.505233466670000053e+04
5.505233544999999867e+04
5.505339469670000108e+04
5.505339557000000059e+04
5.505339637670000229e+04
5.505339716999999655e+04
5.505452519000000029e+04
5.505452597000000242e+04
5.505452678330000344e+04
5.505452797999999893e+04
5.505534032329999900e+04
5.505534116669999639e+04
5.505534196669999801e+04
5.505534274000000005e+04
5.505635190000000148e+04
5.505635276000000158e+04
5.505635358329999872e+04
5.505635435999999754e+04
5.505737543000000005e+04
5.505737728329999663e+04
5.505737807669999893e+04
5.505737884669999767e+04
5.505836284670000168e+04
5.505836360669999704e+04
5.505836438669999916e+04
5.505836516000000120e+04
5.505929965999999695e+04
5.505930068330000358e+04
5.505930159670000285e+04
5.505930236999999761e+04
5.506038208329999907e+04
5.506038295330000255e+04
5.506038374669999757e+04
5.506038453000000300e+04
5.506142406669999764e+04
5.506142505330000131e+04
5.506142585669999971e+04
5.506142661329999828e+04
5.506243190000000322e+04
5.506243271670000104e+04
5.506243349329999910e+04
5.506243429330000072e+04
5.506449672329999885e+04
5.506449762999999803e+04
5.506449844329999905e+04
5.506449924669999746e+04
5.506538552329999948e+04
5.506538629670000228e+04
5.506538709329999983e+04
5.506538786999999866e+04
5.506633456670000305e+04
5.506633548000000155e+04
5.506633626329999970e+04
5.506633703329999844e+04
5.506732551000000240e+04
5.506732642669999768e+04
5.506732721329999913e+04
5.506732800329999736e+04
5.506849331669999810e+04
5.506849409330000344e+04
5.506849494330000016e+04
5.506849573000000237e+04
5.506932622999999876e+04
5.506932706329999928e+04
5.506932789329999650e+04
5.506932869999999821e+04
5.507031253000000288e+04
5.507031339000000298e+04
5.507031418000000122e+04
5.507031498329999886e+04
5.507131352999999945e+04
5.507131450000000041e+04
5.507131528670000262e+04
5.507131609670000034e+04
5.507335171000000264e+04
5.507335256669999944e+04
5.507335336329999700e+04
5.507335414329999912e+04
5.507428770670000085e+04
5.507428846329999942e+04
5.507428925329999765e+04
5.507429009329999826e+04
5.507533657669999957e+04
5.507533745330000238e+04
5.507533831330000248e+04
5.507533909329999733e+04
5.507635449669999798e+04
5.507635550669999793e+04
5.507635630330000276e+04
5.507635708000000159e+04
5.507727466670000285e+04
5.507727548999999999e+04
5.507727632330000051e+04
5.507727713999999833e+04
5.507827449999999953e+04
5.507827538330000243e+04
5.507827616999999736e+04
5.507827695330000279e+04
5.507922819000000163e+04
5.507922909000000072e+04
5.507922987329999887e+04
5.507923066329999710e+04
5.508023753669999860e+04
5.508023838000000251e+04
5.508023916669999744e+04
5.508023994330000278e+04
5.508144442330000311e+04
5.508144529000000330e+04
5.508144610329999705e+04
5.508144687669999985e+04
5.508233146670000133e+04
5.508233231669999805e+04
5.508233309330000338e+04
5.508233387670000229e+04
5.508331596330000320e+04
5.508331674999999814e+04
5.508331755669999984e+04
5.508331837999999698e+04
5.510524109000000317e+04
5.510524184999999852e+04
5.510524263670000073e+04
5.510524341999999888e+04
5.510623720000000321e+04
5.510623810329999833e+04
5.510623900000000140e+04
5.510624006669999653e+04
5.510720597670000279e+04
5.510720685999999841e+04
5.510720764329999656e+04
5.510720841669999936e+04
5.510829103330000362e+04
5.510829356669999834e+04
5.510829437670000334e+04
5.510829514329999802e+04
5.510924731330000213e+04
5.510924812669999665e+04
5.510924893999999767e+04
5.510924970670000039e+04
5.511328229999999894e+04
5.511328310999999667e+04
5.511328391330000159e+04
5.511328467670000100e+04
5.511419842000000062e+04
5.511419919669999945e+04
5.511419999000000098e+04
5.511420078669999930e+04
5.511521336999999767e+04
5.511521413670000038e+04
5.511521493670000200e+04
5.511521572330000345e+04
5.511622144999999728e+04
5.511622228329999780e+04
5.511622311330000230e+04
5.511622392669999681e+04
5.511723812000000180e+04
5.511723924000000261e+04
5.511724012999999832e+04
5.511724091000000044e+04
